100 100
3122645352153555631125611216362422215154444653134516361143626126246215222225623552161252543641153252
1632145365661466645341514346364661656261365234423413526665364443463263634644361311624312446146341116
5316646332463351631466265253421435665424626434243425434346553143124354466266566533262165242622253412
4162336556232325215266534155535432314156122364135323231613131311134335615123262462316142426666432365
3633333112421654326212621551244666163364621226122666625645653421414451663531423445512653524663634554
4322435354624133562125631511445311432364515556356631624344644141356653415446452513133531623553222236
5362511262426135363412154443544453125356611324343511241411622533311644516566535643215511242412534631
6244626632452224662311626313624661362261615355314113225366123262612531541413214254424624633345126456
5415554334434463631431435542541345434322424156232464445122253532141366341351664623524252622232323416
1552555143456555343313161542412522235546355612631653325235124131442614161443642644543563452246555116
1435165355255265261426452263555216364355654562334334115346146211425253311516542534664643615535414452
6423516416624534346613632633141133244234116136354655433334246215645466161523412442231554141362121452
6411363214121161616144515345144352462663513441561323543531162646532421136326321213225424153446422114
3353661144443633142616663532554554542225625126245154521166212546165333455244165352163164311554434453
3163551234431122642565214663462545663452355353633263426326421316343123216561165661426623532616546635
6335521214113651415656263136543531514564632423164313426336353641146151141314623454324545361262422156
3424241111661621442426444422365423413516146522611141323626163416664412111162442464342543245225532333
4236643121631522316555122315621664664631324646645261516436636356261455333553435522462545243332512662
4256445236324545144541564546652456232423353635314252334432525625253526415446452533311422446415531363
3661141623265144635311431555156615352325162162163233331236445465411243355124231645424446543362624454
3441226246411413424623313622464546313355361433126154431654626542136362431133321643215411242525661162
1553241153561524262264461265456431544331116515125114144235362116141452146324663442614426344143525116
5234214414112536524456522151324241133216662262541145361661414633221154552454411215416634632625415642
3533315424316326661513123143551163355126136126516336614355223154256335431611164122413326536366245111
1562661231242512663226256223362436546545443611161265413653655563241663416452323155441421435312442134
2625333266563111544651245545554362541423331612421254633666336423312341615144132363451341512225436551
3464545131345442553646555331363411551625462235123361536532326633525512216125132133514165231546555514
1443325446543161262222413211544615662162565553524255112555622144225446151161664333653453145551422162
3153453434254116354212211651165532364215242532434241562126163413553214653133626534456243234652433566
2555635431652124215451525251144143324445664252642416161433543545135255516311164323252631612443113536
1653246351154152424512163455631436121314651516521441246336353121115132353321321514315546542533356231
2144144244563422316661455261655554325266164346632654156645625431243566655335345221141332522421365622
1425356444641423555416663613525462244353524566613143353212131131161551531616641211352523411515424245
3156335352532514423164461265245555554535323523325653423155511251634224534123556321126514362636122234
5212341244265113532244513351155113355166541245111236532521411624614565141144256622212614664136624665
6251454416555432351256456144354556144433131662265224653665536454332422223161124445465136322223235522
6562253122522211623414541233241552542311663525263524243153232634522636244653444654255414543612566541
5113664146241644535215432421163522246423334135642412143453366156542362121124161663236522221234131153
5423563411624654635121241341634443525243611161665241346564332643556655625411442145414654221644512433
4333554255266324145223422423341622165215323133424235642364622335634226335234341365421464556226152422
1514152666225163551512242423633433365512423334444311434461343442143644152451143612353252622155451236
2216314315142244132311466625125523313514135614414454341221432511412423316252362226362343415263642515
1261134153623152166552131153116526556233235354566155155323335455563255451565316661442241512641165424
2226115543563215346425242615663651655132626151534564212225324554266564115543315436646116346163225323
5615642654545311262535516221243244321644144463444662231656245164361225432114263426344463511143226522
2414553143325334662126654622654251253124143313331123333646462431664331216333424615166564256566425115
6446262331434464445443122526242132144313416364145136364344164145521153626461635632465416533616513452
4516515623535544421236353261164463121245431113214235645135161363521553353311142566341152515555653223
1255516241315261221316664516455561313351242334544225463246345365266663651632446341614313164654341546
1142253564665462232315164654623121615111611451524432633144561262321516633466236363113435125123426651
4623116622145616346623656633162322566555554514545165125256254651616442611553563114352361524531116564
3254414334645522266655533655331245535252321644426314434211525365213116434344455466462562152665225326
6634426152226623341514523342512542643142212535141666264241641616444343643614164466566236524413154421
3453314241223631121234351241421526426142613154511614622661631236635124534211211152116542424256415312
2552514561614226651661132431623463535423435263544463434652563134245346512363315534524515255666345431
6116221163421566332523526244365266213443132424563664345636316123416425366646143264453415625355636211
4165465523653333513454633145335354365165222641531354263241123424152411551326144256526431253516112154
1555521411462556556145362651641315363135143434135231636434136554141256363212232131626344615226222516
5425526534355544646335316342366125631665433134363632622142624355664452131246426212123636516314665224
3456536321624136231556213323635614261224625353165541462563221125314232562544364315613355631432141624
1555616162545334563533526436535116145664616412354441626322336355646353646642552563163614411434455553
3623431146546134455245342644632313566246631324614336115555255536116455611612641544351355352364132334
3161613426332623213125264412653365445545526562531152431556461454324126224423566645321624144362344332
6642522555555313415454245461662636154416243534524233622526365562425436225511245331162251266615561635
5662461446531656546562643465661356541224456163565251636312452122261536124554512323144346353355155532
4456541311132546666665154463316635233144435311324556411213423564636545264416343216653245242442453264
3625165324256541261523663136365241145553231216334445161423314546145151252212415212351543345523345113
4236566246413626155413634454126161215154133362325126216236343363522344351361266151466263621554424442
3165361612124661233322363534126122535444126266322431244413542253136331626314614241433232661644211414
6315451563355452244211633234214314561253662422122622252424534524426662241463335456655414316122363332
2146324266521515364626346115461133344443143341154221415153165556364431341534544663221343346165323164
3624213316332535323342635313562621122615151563335445112533641246466162566351654335412514555635451361
4533363651165141551322646221145135165226215323531634434131411432333415343361311632241622462225414334
2443255126641621466614452315153665541313535614342133236113336363531444644231326145664463342425316534
2642335412254632441231461125353164632254224344542145633413652145631451425155655146424211566442514142
1553651444346636124254431433566511251326653214551524363526253311631366166562333512164133162645112633
6436631363632311615221211231463141252551133214413425631425222144635255414122652366461425141321214232
2322416316512164433333235612414243335162244412321656163311115456566135633642335162555344424532111634
1315124542446516345326426565164251156341653616155545225156614614432625616646356152623414314315566451
1451115122532623344366341145522124231243514115144456266516264631411623253425451166514512613611435136
3435624234316353443214265326535662436664263352316335326526636343512234544563654543342661634312211443
2361253625223661626121412332522643542546441636451543242432434562365265411613644542562551514641355255
6316633421321226645552421546633635616336553346323145352433411421254231532362261566513331661363252353
1546615261553354463436253166612112556665431346416414462352151526556224126461143313421255213543151424
6241365451233325665212332644252451453346564116436254515462224245154523663424142153461322215623666141
4421116255151315351661334113314124223512152111661321461645424242316434465251662652225644314446365433
2411435346221246213136613112654216565414112533463464262253252443621455536556355121553562543621315612
64251431246256442152122426141142431246251632164414412164262165212161551s4353343455356265365162653153
1222342625353633152222646633633135113312362412556411531564515236362565563335121651656124163466633525
6561126536242261666632433361324653122615143211523411636241462355254655445623123533125114543162324126
6641566515552344466562353442356232614555122152325244265115341643223314415433351355452656665156112556
5322412666313413652352465166256321524113425366152413135115312314144652211651534653425553261163326415
2413456416333235526242564662135211263652313666321415553332115116253523612466344262542524363621232361
6141155526634244344442262124353163654435551356322123551212151351216115235546434562541154232313166255
6212463355244414256526642521162646345254462346552133334525255314336521554425413424333641311341525526
3123225132654265615541642253266612242412131145233564544365366253261526126324256543144642545625261213
6521646514145346142232451523442245356561452224413564443265145162122624631246164431234235343554566615
6454265131523462646642134152556653451133555655246662424222632256461336144365116622543265343664233554
6165654616235561542446125365452122611234634463161416243616664635466424135611554331523513533211351352
5426612363366131353414561266523244245441641225461262412511334526425215163641324432352636162551553643
